Pedro Figueiredo Dias - 41990455

[0] [1] [2] [3] [4] [5] [6] [7] [8] [9]
10  21  33  46  60  75  91  108 126 145

(1) Posição do 46: [3]
    Posição do 91: [6]

(2) Remover 46: remover(3)
    Remover 91: remover(5)

(3)
    Remoção da posição 2:
    [0] [1] [2] [3] [4] [5] [6] [7] [8] [9]
    10  21  46  60  75  91  108 126 145

    Remoção da posição 7:
    [0] [1] [2] [3] [4] [5] [6] [7] [8] [9]
    10  21  46  60  75  91  108 145

    Remoção da posição 0:
    [0] [1] [2] [3] [4] [5] [6] [7] [8] [9]
    21  46  60  75  91  108 145
